  0.20  
 -0.20  
  0.0   
  0.0   
 -0.38  
  0.0   
  0.0   
 -0.38  
  0.0   
  0.0   
 -0.38  
  0.09  
  0.09  
  0.19  
  0.19  
  0.19  
  0.19  
  0.19  
  0.19  
  0.19  
  0.19  
  0.19  
  0.17  
  0.03  
  0.03  
  1.58  
 -0.86  
 -0.86  
 -0.49  
 -0.49  
 -0.11  
  0.07  
  0.07  
  0.48  
  0.04  
 -0.47  
  0.79  
 -0.65  
 -0.06  
  0.03  
  0.03  
  0.13  
  0.06  
  0.06  
 -0.47  
  0.79  
 -0.65  
 -0.06  
  0.03  
  0.03  
  0.00  
  0.00  
  0.00  
  0.00  
  0.00  
  0.00  
  0.00  
  0.00  
  0.00  
  0.00  
  0.00  
  0.00  
  0.00  
  0.00  
  0.00  
  0.03  
  0.03  
  0.03  
 -0.20  
  0.11  
 -0.20  
  0.11  
  0.03  
  0.03  
  0.03  
  0.00  
  0.00  
  0.00  
  0.00  
  0.00  
  0.00  
  0.00  
  0.00  
  0.00  
  0.00  
  0.00  
  0.00  
  0.00  
  0.00  
  0.00  
  0.047 
 -0.007 
 -0.007 
  0.0   
  0.0   
 -0.081 
  0.016 
  0.016 
  0.016 
  0.00  
  0.00  
  0.00  
  0.00  
  0.00  
  0.00  
  0.00  
  0.00  
  0.00  
  0.00  
  0.00  
  0.00  
  0.00  
  0.00  
  0.00  
  0.00  
  0.00  
  0.00  
  0.00  
  0.00  
  0.00  
  0.00  
  0.00  
  0.00  
  0.00  
  0.00  
  0.00  
  0.00  
  0.00  
  0.00  
  0.00  
  0.00  
  0.00  
  0.00  
  0.00  
  0.00  
  0.047 
 -0.007 
 -0.007 
  0.0   
  0.0   
 -0.081 
  0.016 
  0.016 
  0.016 
