0 2.36182
0.001 2.36112
0.002 2.35905
0.003 2.35559
0.004 2.35074
0.005 2.34452
0.006 2.33692
0.007 2.32796
0.008 2.31762
0.009 2.30593
0.01 2.29288
0.011 2.27849
0.012 2.26276
0.013 2.2457
0.014 2.22733
0.015 2.20764
0.016 2.18666
0.017 2.1644
0.018 2.14086
0.019 2.11607
0.02 2.09003
0.021 2.06276
0.022 2.03428
0.023 2.00461
0.024 1.97375
0.025 1.94173
0.026 1.90856
0.027 1.87427
0.028 1.83888
0.029 1.8024
0.03 1.76485
0.031 1.72626
0.032 1.68665
0.033 1.64603
0.034 1.60444
0.035 1.5619
0.036 1.51842
0.037 1.47405
0.038 1.42879
0.039 1.38267
0.04 1.33573
0.041 1.28798
0.042 1.23945
0.043 1.19018
0.044 1.14018
0.045 1.08948
0.046 1.03812
0.047 0.986121
0.048 0.933508
0.049 0.880313
0.05 0.826563
0.051 0.77229
0.052 0.717521
0.053 0.662287
0.054 0.606616
0.055 0.550539
0.056 0.494086
0.057 0.437286
0.058 0.38017
0.059 0.322768
0.06 0.26511
0.061 0.207226
0.062 0.149147
0.063 0.0909021
0.064 0.0325219
0.065 0.0259635
0.066 0.0845241
0.067 0.14313
0.068 0.201752
0.069 0.260359
0.07 0.318924
0.071 0.377415
0.072 0.435804
0.073 0.494063
0.074 0.552162
0.075 0.610074
0.076 0.667769
0.077 0.725221
0.078 0.782401
0.079 0.839282
0.08 0.895838
0.081 0.952042
0.082 1.00787
0.083 1.06329
0.084 1.11828
0.085 1.17282
0.086 1.22688
0.087 1.28043
0.088 1.33346
0.089 1.38593
0.09 1.43784
0.091 1.48915
0.092 1.53984
0.093 1.58989
0.094 1.63928
0.095 1.688
0.096 1.73601
0.097 1.78331
0.098 1.82986
0.099 1.87567
0.1 1.9207
0.101 1.96494
0.102 2.00838
0.103 2.05099
0.104 2.09277
0.105 2.1337
0.106 2.17376
0.107 2.21294
0.108 2.25124
0.109 2.28863
0.11 2.3251
0.111 2.36066
0.112 2.39527
0.113 2.42894
0.114 2.46166
0.115 2.49342
0.116 2.52421
0.117 2.55402
0.118 2.58285
0.119 2.61069
0.12 2.63753
0.121 2.66338
0.122 2.68823
0.123 2.71207
0.124 2.73491
0.125 2.75673
0.126 2.77755
0.127 2.79735
0.128 2.81614
0.129 2.83392
0.13 2.85069
0.131 2.86645
0.132 2.88121
0.133 2.89496
0.134 2.9077
0.135 2.91946
0.136 2.93022
0.137 2.93999
0.138 2.94878
0.139 2.95659
0.14 2.96344
0.141 2.96932
0.142 2.97424
0.143 2.97822
0.144 2.98126
0.145 2.98336
0.146 2.98455
0.147 2.98482
0.148 2.9842
0.149 2.98268
0.15 2.98028
0.151 2.97701
0.152 2.97288
0.153 2.96791
0.154 2.9621
0.155 2.95547
0.156 2.94803
0.157 2.9398
0.158 2.93079
0.159 2.92101
0.16 2.91047
0.161 2.8992
0.162 2.8872
0.163 2.87449
0.164 2.86108
0.165 2.84699
0.166 2.83224
0.167 2.81684
0.168 2.8008
0.169 2.78414
0.17 2.76689
0.171 2.74904
0.172 2.73062
0.173 2.71165
0.174 2.69214
0.175 2.6721
0.176 2.65156
0.177 2.63053
0.178 2.60902
0.179 2.58706
0.18 2.56465
0.181 2.54182
0.182 2.51858
0.183 2.49495
0.184 2.47093
0.185 2.44656
0.186 2.42185
0.187 2.3968
0.188 2.37144
0.189 2.34578
0.19 2.31984
0.191 2.29363
0.192 2.26717
0.193 2.24047
0.194 2.21355
0.195 2.18643
0.196 2.15911
0.197 2.13161
0.198 2.10395
0.199 2.07613
0.2 2.04818
0.201 2.02011
0.202 1.99193
0.203 1.96365
0.204 1.93528
0.205 1.90685
0.206 1.87835
0.207 1.84981
0.208 1.82123
0.209 1.79263
0.21 1.76402
0.211 1.7354
0.212 1.70679
0.213 1.67821
0.214 1.64965
0.215 1.62113
0.216 1.59266
0.217 1.56425
0.218 1.53591
0.219 1.50764
0.22 1.47946
0.221 1.45137
0.222 1.42338
0.223 1.3955
0.224 1.36774
0.225 1.34009
0.226 1.31258
0.227 1.2852
0.228 1.25796
0.229 1.23087
0.23 1.20393
0.231 1.17715
0.232 1.15054
0.233 1.12409
0.234 1.09781
0.235 1.07171
0.236 1.04579
0.237 1.02005
0.238 0.994499
0.239 0.969138
0.24 0.943971
0.241 0.918999
0.242 0.894225
0.243 0.869651
0.244 0.845279
0.245 0.82111
0.246 0.797147
0.247 0.77339
0.248 0.749841
0.249 0.726499
0.25 0.703367
0.251 0.680444
0.252 0.657731
0.253 0.635227
0.254 0.612933
0.255 0.590849
0.256 0.568974
0.257 0.547307
0.258 0.525849
0.259 0.504597
0.26 0.483552
0.261 0.462711
0.262 0.442075
0.263 0.421642
0.264 0.40141
0.265 0.381378
0.266 0.361544
0.267 0.341907
0.268 0.322465
0.269 0.303217
0.27 0.28416
0.271 0.265292
0.272 0.246613
0.273 0.228119
0.274 0.20981
0.275 0.191682
0.276 0.173734
0.277 0.155964
0.278 0.13837
0.279 0.120949
0.28 0.103701
0.281 0.086622
0.282 0.0697112
0.283 0.0529663
0.284 0.0363854
0.285 0.0199666
0.286 0.00370804
0.287 0.012392
0.288 0.0283354
0.289 0.0441237
0.29 0.0597587
0.291 0.0752418
0.292 0.0905745
0.293 0.105758
0.294 0.120795
0.295 0.135685
0.296 0.15043
0.297 0.16503
0.298 0.179488
0.299 0.193804
0.3 0.207979
0.301 0.222012
0.302 0.235906
0.303 0.249661
0.304 0.263277
0.305 0.276754
0.306 0.290092
0.307 0.303292
0.308 0.316354
0.309 0.329277
0.31 0.342062
0.311 0.354707
0.312 0.367213
0.313 0.37958
0.314 0.391805
0.315 0.403889
0.316 0.41583
0.317 0.427628
0.318 0.439282
0.319 0.45079
0.32 0.462151
0.321 0.473364
0.322 0.484427
0.323 0.495339
0.324 0.506097
0.325 0.516701
0.326 0.527147
0.327 0.537435
0.328 0.547563
0.329 0.557527
0.33 0.567326
0.331 0.576958
0.332 0.58642
0.333 0.59571
0.334 0.604825
0.335 0.613763
0.336 0.622521
0.337 0.631096
0.338 0.639486
0.339 0.647689
0.34 0.655701
0.341 0.663519
0.342 0.671141
0.343 0.678563
0.344 0.685783
0.345 0.692798
0.346 0.699606
0.347 0.706202
0.348 0.712584
0.349 0.71875
0.35 0.724695
0.351 0.730418
0.352 0.735916
0.353 0.741185
0.354 0.746223
0.355 0.751027
0.356 0.755593
0.357 0.759921
0.358 0.764006
0.359 0.767846
0.36 0.771438
0.361 0.774781
0.362 0.777871
0.363 0.780706
0.364 0.783285
0.365 0.785604
0.366 0.787661
0.367 0.789455
0.368 0.790984
0.369 0.792245
0.37 0.793237
0.371 0.793959
0.372 0.794409
0.373 0.794584
0.374 0.794486
0.375 0.79411
0.376 0.793458
0.377 0.792528
0.378 0.791319
0.379 0.789831
0.38 0.788063
0.381 0.786014
0.382 0.783685
0.383 0.781075
0.384 0.778184
0.385 0.775014
0.386 0.771563
0.387 0.767833
0.388 0.763824
0.389 0.759537
0.39 0.754973
0.391 0.750134
0.392 0.74502
0.393 0.739633
0.394 0.733974
0.395 0.728046
0.396 0.721851
0.397 0.71539
0.398 0.708666
0.399 0.701682
0.4 0.694439
0.401 0.686942
0.402 0.679192
0.403 0.671193
0.404 0.662948
0.405 0.65446
0.406 0.645734
0.407 0.636773
0.408 0.62758
0.409 0.61816
0.41 0.608517
0.411 0.598656
0.412 0.588581
0.413 0.578296
0.414 0.567806
0.415 0.557117
0.416 0.546233
0.417 0.535159
0.418 0.523901
0.419 0.512465
0.42 0.500855
0.421 0.489077
0.422 0.477138
0.423 0.465043
0.424 0.452798
0.425 0.440409
0.426 0.427883
0.427 0.415225
0.428 0.402442
0.429 0.389541
0.43 0.376528
0.431 0.36341
0.432 0.350193
0.433 0.336884
0.434 0.32349
0.435 0.310018
0.436 0.296475
0.437 0.282867
0.438 0.269202
0.439 0.255486
0.44 0.241728
0.441 0.227933
0.442 0.214109
0.443 0.200262
0.444 0.186401
0.445 0.172533
0.446 0.158663
0.447 0.1448
0.448 0.13095
0.449 0.117121
0.45 0.10332
0.451 0.0895528
0.452 0.0758275
0.453 0.0621506
0.454 0.0485292
0.455 0.0349699
0.456 0.0214796
0.457 0.0080649
0.458 0.00526744
0.459 0.0185109
0.46 0.031659
0.461 0.0447053
0.462 0.0576436
0.463 0.0704674
0.464 0.0831709
0.465 0.0957478
0.466 0.108192
0.467 0.120499
0.468 0.132661
0.469 0.144674
0.47 0.156532
0.471 0.168229
0.472 0.179761
0.473 0.191122
0.474 0.202308
0.475 0.213313
0.476 0.224134
0.477 0.234765
0.478 0.245201
0.479 0.25544
0.48 0.265477
0.481 0.275307
0.482 0.284928
0.483 0.294335
0.484 0.303525
0.485 0.312495
0.486 0.321242
0.487 0.329763
0.488 0.338055
0.489 0.346115
0.49 0.353942
0.491 0.361533
0.492 0.368885
0.493 0.375997
0.494 0.382868
0.495 0.389495
0.496 0.395877
0.497 0.402014
0.498 0.407904
0.499 0.413546
0.5 0.418939
0.501 0.424084
0.502 0.42898
0.503 0.433626
0.504 0.438023
0.505 0.442171
0.506 0.44607
0.507 0.449721
0.508 0.453125
0.509 0.456282
0.51 0.459193
0.511 0.46186
0.512 0.464283
0.513 0.466466
0.514 0.468408
0.515 0.470112
0.516 0.47158
0.517 0.472814
0.518 0.473816
0.519 0.474589
0.52 0.475135
0.521 0.475456
0.522 0.475556
0.523 0.475437
0.524 0.475103
0.525 0.474556
0.526 0.4738
0.527 0.472838
0.528 0.471674
0.529 0.47031
0.53 0.468752
0.531 0.467003
0.532 0.465066
0.533 0.462945
0.534 0.460645
0.535 0.45817
0.536 0.455524
0.537 0.45271
0.538 0.449734
0.539 0.4466
0.54 0.443313
0.541 0.439876
0.542 0.436294
0.543 0.432572
0.544 0.428715
0.545 0.424727
0.546 0.420613
0.547 0.416377
0.548 0.412025
0.549 0.407562
0.55 0.402991
0.551 0.398318
0.552 0.393547
0.553 0.388684
0.554 0.383733
0.555 0.378699
0.556 0.373587
0.557 0.368401
0.558 0.363147
0.559 0.357829
0.56 0.352451
0.561 0.347018
0.562 0.341536
0.563 0.336008
0.564 0.330439
0.565 0.324834
0.566 0.319197
0.567 0.313532
0.568 0.307845
0.569 0.302138
0.57 0.296417
0.571 0.290685
0.572 0.284946
0.573 0.279206
0.574 0.273467
0.575 0.267733
0.576 0.262009
0.577 0.256298
0.578 0.250603
0.579 0.244928
0.58 0.239277
0.581 0.233654
0.582 0.22806
0.583 0.2225
0.584 0.216976
0.585 0.211492
0.586 0.206051
0.587 0.200654
0.588 0.195306
0.589 0.190009
0.59 0.184764
0.591 0.179575
0.592 0.174444
0.593 0.169373
0.594 0.164364
0.595 0.15942
0.596 0.154541
0.597 0.14973
0.598 0.144988
0.599 0.140318
0.6 0.13572
0.601 0.131196
0.602 0.126747
0.603 0.122375
0.604 0.11808
0.605 0.113863
0.606 0.109726
0.607 0.105668
0.608 0.101692
0.609 0.0977959
0.61 0.093982
0.611 0.0902502
0.612 0.0866007
0.613 0.0830337
0.614 0.0795494
0.615 0.0761478
0.616 0.0728287
0.617 0.069592
0.618 0.0664375
0.619 0.0633649
0.62 0.0603737
0.621 0.0574635
0.622 0.0546337
0.623 0.0518837
0.624 0.0492128
0.625 0.0466202
0.626 0.0441051
0.627 0.0416666
0.628 0.0393037
0.629 0.0370154
0.63 0.0348007
0.631 0.0326584
0.632 0.0305873
0.633 0.0285862
0.634 0.0266538
0.635 0.0247889
0.636 0.02299
0.637 0.0212558
0.638 0.0195848
0.639 0.0179755
0.64 0.0164265
0.641 0.0149362
0.642 0.0135031
0.643 0.0121256
0.644 0.0108021
0.645 0.00953096
0.646 0.00831061
0.647 0.00713937
0.648 0.00601561
0.649 0.00493765
0.65 0.00390385
0.651 0.00291253
0.652 0.00196202
0.653 0.00105067
0.654 0.000176805
0.655 0.000661221
0.656 0.00146505
0.657 0.00223633
0.658 0.00297666
0.659 0.00368765
0.66 0.0043709
0.661 0.00502797
0.662 0.0056604
0.663 0.00626972
0.664 0.00685743
0.665 0.00742499
0.666 0.00797386
0.667 0.00850543
0.668 0.0090211
0.669 0.0095222
0.67 0.0100101
0.671 0.0104859
0.672 0.0109511
0.673 0.0114067
0.674 0.011854
0.675 0.0122939
0.676 0.0127278
0.677 0.0131564
0.678 0.0135809
0.679 0.0140023
0.68 0.0144213
0.681 0.0148388
0.682 0.0152557
0.683 0.0156728
0.684 0.0160907
0.685 0.01651
0.686 0.0169316
0.687 0.0173557
0.688 0.0177832
0.689 0.0182142
0.69 0.0186495
0.691 0.0190892
0.692 0.0195337
0.693 0.0199833
0.694 0.0204382
0.695 0.0208987
0.696 0.0213648
0.697 0.0218366
0.698 0.0223143
0.699 0.0227978
0.7 0.023287
0.701 0.0237818
0.702 0.0242822
0.703 0.024788
0.704 0.0252989
0.705 0.0258147
0.706 0.0263351
0.707 0.0268597
0.708 0.0273883
0.709 0.0279203
0.71 0.0284554
0.711 0.0289931
0.712 0.0295329
0.713 0.0300742
0.714 0.0306164
0.715 0.031159
0.716 0.0317014
0.717 0.0322428
0.718 0.0327827
0.719 0.0333203
0.72 0.033855
0.721 0.0343859
0.722 0.0349123
0.723 0.0354335
0.724 0.0359486
0.725 0.0364569
0.726 0.0369576
0.727 0.0374498
0.728 0.0379327
0.729 0.0384054
0.73 0.0388672
0.731 0.0393172
0.732 0.0397544
0.733 0.0401782
0.734 0.0405876
0.735 0.0409818
0.736 0.0413599
0.737 0.0417211
0.738 0.0420646
0.739 0.0423896
0.74 0.0426951
0.741 0.0429806
0.742 0.0432451
0.743 0.0434878
0.744 0.0437081
0.745 0.0439052
0.746 0.0440784
0.747 0.0442269
0.748 0.0443501
0.749 0.0444473
0.75 0.0445179
0.751 0.0445613
0.752 0.0445769
0.753 0.0445642
0.754 0.0445225
0.755 0.0444514
0.756 0.0443505
0.757 0.0442193
0.758 0.0440573
0.759 0.0438642
0.76 0.0436397
0.761 0.0433834
0.762 0.043095
0.763 0.0427744
0.764 0.0424213
0.765 0.0420354
0.766 0.0416168
0.767 0.0411653
0.768 0.0406808
0.769 0.0401633
0.77 0.0396127
0.771 0.0390293
0.772 0.0384129
0.773 0.0377638
0.774 0.0370822
0.775 0.0363681
0.776 0.0356219
0.777 0.0348438
0.778 0.0340342
0.779 0.0331933
0.78 0.0323215
0.781 0.0314194
0.782 0.0304873
0.783 0.0295257
0.784 0.0285351
0.785 0.0275162
0.786 0.0264694
0.787 0.0253955
0.788 0.0242951
0.789 0.0231689
0.79 0.0220175
0.791 0.0208418
0.792 0.0196426
0.793 0.0184206
0.794 0.0171767
0.795 0.0159117
0.796 0.0146266
0.797 0.0133223
0.798 0.0119997
0.799 0.0106597
0.8 0.00930339
0.801 0.00793173
0.802 0.00654576
0.803 0.00514652
0.804 0.00373506
0.805 0.00231247
0.806 0.000879836
0.807 0.00056174
0.808 0.00201114
0.809 0.00346724
0.81 0.00492889
0.811 0.00639496
0.812 0.00786429
0.813 0.00933572
0.814 0.0108081
0.815 0.0122802
0.816 0.013751
0.817 0.0152192
0.818 0.0166836
0.819 0.0181432
0.82 0.0195967
0.821 0.021043
0.822 0.0224809
0.823 0.0239093
0.824 0.0253271
0.825 0.0267331
0.826 0.0281262
0.827 0.0295053
0.828 0.0308694
0.829 0.0322173
0.83 0.033548
0.831 0.0348604
0.832 0.0361536
0.833 0.0374265
0.834 0.0386781
0.835 0.0399075
0.836 0.0411137
0.837 0.0422959
0.838 0.0434531
0.839 0.0445844
0.84 0.0456891
0.841 0.0467663
0.842 0.0478151
0.843 0.048835
0.844 0.0498251
0.845 0.0507847
0.846 0.0517131
0.847 0.0526098
0.848 0.0534741
0.849 0.0543055
0.85 0.0551034
0.851 0.0558673
0.852 0.0565967
0.853 0.0572912
0.854 0.0579504
0.855 0.0585739
0.856 0.0591614
0.857 0.0597127
0.858 0.0602273
0.859 0.0607052
0.86 0.0611461
0.861 0.0615498
0.862 0.0619163
0.863 0.0622455
0.864 0.0625374
0.865 0.0627918
0.866 0.0630089
0.867 0.0631887
0.868 0.0633313
0.869 0.0634368
0.87 0.0635055
0.871 0.0635374
0.872 0.0635329
0.873 0.0634922
0.874 0.0634157
0.875 0.0633036
0.876 0.0631563
0.877 0.0629742
0.878 0.0627578
0.879 0.0625076
0.88 0.0622239
0.881 0.0619073
0.882 0.0615584
0.883 0.0611778
0.884 0.060766
0.885 0.0603237
0.886 0.0598516
0.887 0.0593502
0.888 0.0588204
0.889 0.0582628
0.89 0.0576782
0.891 0.0570673
0.892 0.0564309
0.893 0.0557699
0.894 0.0550851
0.895 0.0543772
0.896 0.0536472
0.897 0.0528959
0.898 0.0521242
0.899 0.051333
0.9 0.0505232
0.901 0.0496957
0.902 0.0488515
0.903 0.0479914
0.904 0.0471165
0.905 0.0462276
0.906 0.0453257
0.907 0.0444118
0.908 0.0434869
0.909 0.0425518
0.91 0.0416076
0.911 0.0406552
0.912 0.0396955
0.913 0.0387296
0.914 0.0377583
0.915 0.0367827
0.916 0.0358037
0.917 0.0348221
0.918 0.033839
0.919 0.0328552
0.92 0.0318717
0.921 0.0308893
0.922 0.029909
0.923 0.0289316
0.924 0.027958
0.925 0.026989
0.926 0.0260254
0.927 0.0250681
0.928 0.0241179
0.929 0.0231756
0.93 0.0222419
0.931 0.0213176
0.932 0.0204033
0.933 0.0194999
0.934 0.0186079
0.935 0.0177281
0.936 0.0168611
0.937 0.0160075
0.938 0.0151679
0.939 0.0143428
0.94 0.013533
0.941 0.0127387
0.942 0.0119606
0.943 0.0111992
0.944 0.0104548
0.945 0.00972797
0.946 0.00901901
0.947 0.00832833
0.948 0.00765627
0.949 0.00700315
0.95 0.00636926
0.951 0.00575488
0.952 0.00516023
0.953 0.00458554
0.954 0.00403098
0.955 0.00349673
0.956 0.0029829
0.957 0.00248962
0.958 0.00201695
0.959 0.00156495
0.96 0.00113366
0.961 0.000723067
0.962 0.000333156
0.963 3.61219e-05
0.964 0.000384841
0.965 0.000713097
0.966 0.00102101
0.967 0.00130873
0.968 0.00157643
0.969 0.00182428
0.97 0.00205252
0.971 0.00226136
0.972 0.00245108
0.973 0.00262194
0.974 0.00277425
0.975 0.00290832
0.976 0.00302449
0.977 0.00312311
0.978 0.00320455
0.979 0.00326921
0.98 0.00331748
0.981 0.0033498
0.982 0.0033666
0.983 0.00336832
0.984 0.00335543
0.985 0.00332841
0.986 0.00328775
0.987 0.00323394
0.988 0.00316751
0.989 0.00308896
0.99 0.00299883
0.991 0.00289765
0.992 0.00278597
0.993 0.00266435
0.994 0.00253333
0.995 0.00239348
0.996 0.00224537
0.997 0.00208957
0.998 0.00192664
0.999 0.00175716
