-.094085
.021784
.021784
.021784
.010481
.006969
.006969
-.015064
.011946
.011946
-.024822
.010965
.010965
-.020724
.008526
.008526
-.018904
.010750
.010750
-.021623
.011018
.011018
-.022854
.010422
.010422
-.011844
.006800
.006800
-.014722
.008280
.008280
-.018320
.010000
.010000
-.022040
.012572
.012572
-.022574
.015657
.015657
-.003661
.014255
.014255
-.111944
.035508
.035508
.587693
-.449747
-.341219
.011920
.089813
.089813
.068572
.106962
.007864
.072858
.072858
-.316814
.862417
-.333168
.137288
.042346
.042346
-.007890
.060175
.060175
.053848
-.119064
.088286
.088286
.088286
-.119064
.088286
.088286
.088286
-.119064
.088286
.088286
.088286
-.585513
-.585513
-.314642
.577833
-.447662
-.107563
.032145
.032145
.001214
.014646
.014646
-.017220
.013600
.013600
-.012519
.006517
.006517
-.017841
.006949
.006949
-.013121
.014698
.014698
.023831
.024513
.024513
-.183171
.098634
-.179463
.095158
.021794
.025148
.025148
-.019764
.014787
.014787
-.013692
.010350
.010350
-.018636
.006429
.006429
-.017435
.007802
.007802
-.009366
.010244
.010244
.006513
.007519
.007519
-.087967
.019970
.019970
.019970
