 -0.125447 
  0.029046 
  0.029046 
  0.029046 
  0.013975 
  0.009292 
  0.009292 
 -0.020086 
  0.015929 
  0.015929 
 -0.033096 
  0.014621 
  0.014621 
 -0.027633 
  0.011368 
  0.011368 
 -0.025206 
  0.014334 
  0.014334 
 -0.028831 
  0.014691 
  0.014691 
 -0.030472 
  0.013897 
  0.013897 
 -0.015793 
  0.009067 
  0.009067 
 -0.019630 
  0.011041 
  0.011041 
 -0.024427 
  0.013334 
  0.013334 
 -0.029387 
  0.016763 
  0.016763 
 -0.030099 
  0.020877 
  0.020877 
 -0.004882 
  0.019007 
  0.019007 
 -0.149259 
  0.047345 
  0.047345 
  0.783591 
 -0.599663 
 -0.454959 
  0.015894 
  0.119751 
  0.119751 
  0.091430 
  0.142617 
  0.010486 
  0.097145 
  0.097145 
 -0.422419 
  1.149890 
 -0.444224 
  0.183051 
  0.056462 
  0.056462 
 -0.010520 
  0.080234 
  0.080234 
  0.071798 
 -0.158752 
  0.117715 
  0.117715 
  0.117715 
 -0.158752 
  0.117715 
  0.117715 
  0.117715 
 -0.158752 
  0.117715 
  0.117715 
  0.117715 
 -0.780685 
 -0.780685 
 -0.419523 
  0.770445 
 -0.596883 
 -0.143418 
  0.042860 
  0.042860 
  0.001619 
  0.019529 
  0.019529 
 -0.022960 
  0.018134 
  0.018134 
 -0.016692 
  0.008690 
  0.008690 
 -0.023789 
  0.009266 
  0.009266 
 -0.017495 
  0.019598 
  0.019598 
  0.031775 
  0.032685 
  0.032685 
 -0.244228 
  0.131512 
 -0.239284 
  0.126878 
  0.029059 
  0.033531 
  0.033531 
 -0.026353 
  0.019717 
  0.019717 
 -0.018257 
  0.013800 
  0.013800 
 -0.024849 
  0.008572 
  0.008572 
 -0.023247 
  0.010403 
  0.010403 
 -0.012488 
  0.013659 
  0.013659 
  0.008684 
  0.010026 
  0.010026 
 -0.117290 
  0.026627 
  0.026627 
  0.026627 
